# unix_time, cycles_done, cur_path, paths_total, pending_total, pending_favs, map_size, unique_crashes, unique_hangs, max_depth, execs_per_sec
1707803838, 0, 0, 40, 40, 32, 5.80%, 0, 0, 1, 31.16
1707803843, 0, 1, 73, 72, 32, 5.90%, 0, 0, 2, 1175.86
1707803848, 0, 1, 76, 75, 32, 5.90%, 0, 0, 2, 1148.13
1707803853, 0, 2, 81, 79, 61, 5.92%, 0, 0, 2, 1197.10
1707803858, 0, 2, 82, 80, 61, 5.92%, 0, 0, 2, 1092.87
1707803863, 0, 3, 82, 79, 60, 5.92%, 0, 0, 2, 61.57
1707803868, 0, 3, 88, 85, 60, 5.98%, 0, 0, 2, 114.15
1707803873, 0, 3, 100, 97, 60, 5.99%, 0, 0, 2, 87.66
1707803879, 0, 3, 103, 100, 60, 5.99%, 0, 0, 2, 55.36
1707803884, 0, 3, 106, 103, 60, 5.99%, 0, 0, 2, 49.86
1707803889, 0, 3, 110, 107, 60, 5.99%, 0, 0, 2, 47.42
1707803894, 0, 3, 113, 110, 60, 5.99%, 0, 0, 2, 47.43
1707803899, 0, 3, 116, 113, 60, 5.99%, 0, 0, 2, 46.60
1707803904, 0, 3, 118, 115, 60, 5.99%, 0, 0, 2, 44.66
1707803914, 0, 3, 122, 119, 60, 5.99%, 0, 0, 2, 44.57
1707803919, 0, 3, 123, 120, 60, 5.99%, 0, 0, 2, 42.82
1707803924, 0, 3, 124, 121, 60, 5.99%, 0, 0, 2, 42.68
1707803929, 0, 3, 125, 122, 60, 5.99%, 0, 0, 2, 42.47
1707803934, 0, 3, 126, 123, 60, 5.99%, 0, 0, 2, 41.96
1707803960, 0, 3, 130, 127, 60, 5.99%, 0, 0, 2, 40.41
1707803965, 0, 3, 131, 128, 60, 5.99%, 0, 0, 2, 40.05
1707803975, 0, 3, 134, 131, 60, 6.00%, 0, 0, 2, 39.88
1707803980, 0, 3, 137, 134, 60, 6.01%, 0, 0, 2, 57.56
1707803985, 0, 3, 138, 135, 60, 6.01%, 0, 0, 2, 54.53
1707804169, 0, 3, 139, 136, 60, 6.01%, 0, 0, 2, 39.39
1707805121, 0, 3, 140, 137, 60, 6.01%, 0, 0, 2, 93.63
1707805864, 0, 3, 141, 138, 60, 6.04%, 0, 0, 2, 44.44
1707805869, 0, 3, 142, 139, 60, 6.04%, 0, 0, 2, 91.63
1707806026, 0, 3, 143, 140, 60, 6.04%, 0, 0, 2, 39.99
1707806031, 0, 4, 154, 150, 72, 6.07%, 0, 0, 2, 34.03
1707806036, 0, 4, 176, 172, 72, 6.08%, 0, 0, 2, 190.46
1707806041, 0, 4, 179, 175, 72, 6.08%, 0, 0, 2, 71.21
1707806046, 0, 4, 181, 177, 72, 6.08%, 0, 0, 2, 763.78
1707806057, 0, 4, 182, 178, 72, 6.08%, 0, 0, 2, 38.00
1707806093, 0, 4, 184, 180, 72, 6.08%, 0, 0, 2, 42.80
1707806281, 0, 4, 187, 183, 72, 6.08%, 0, 0, 2, 1055.00
1707806342, 0, 4, 194, 190, 72, 6.12%, 0, 0, 2, 172.97
1707806347, 0, 4, 198, 194, 72, 6.12%, 0, 0, 2, 89.12
1707806372, 0, 4, 200, 196, 72, 6.12%, 0, 0, 2, 31.77
1707806377, 0, 5, 200, 195, 82, 6.12%, 0, 0, 2, 39.94
1707806388, 0, 5, 209, 204, 82, 6.14%, 0, 0, 2, 35.81
1707806393, 0, 5, 241, 236, 82, 6.16%, 0, 0, 2, 54.51
1707806398, 0, 5, 257, 252, 82, 6.16%, 0, 0, 2, 63.86
1707806403, 0, 5, 271, 266, 82, 6.16%, 0, 0, 2, 65.36
1707806408, 0, 5, 284, 279, 82, 6.16%, 0, 0, 2, 61.75
1707806413, 0, 5, 301, 296, 82, 6.16%, 0, 0, 2, 55.60
1707806418, 0, 5, 305, 300, 82, 6.16%, 0, 0, 2, 56.49
1707806423, 0, 5, 309, 304, 82, 6.16%, 0, 0, 2, 58.69
1707806429, 0, 5, 311, 306, 82, 6.16%, 0, 0, 2, 55.26
1707806434, 0, 5, 316, 311, 82, 6.16%, 0, 0, 2, 50.60
1707806439, 0, 5, 317, 312, 82, 6.16%, 0, 0, 2, 49.82
1707806444, 0, 5, 320, 315, 82, 6.16%, 0, 0, 2, 57.24
1707806449, 0, 5, 321, 316, 82, 6.16%, 0, 0, 2, 55.40
1707806464, 0, 5, 325, 320, 82, 6.16%, 0, 0, 2, 54.61
1707806469, 0, 5, 327, 322, 82, 6.16%, 0, 0, 2, 51.15
1707806484, 0, 5, 328, 323, 82, 6.16%, 0, 0, 2, 64.16
1707806489, 0, 5, 329, 324, 82, 6.16%, 0, 0, 2, 60.56
1707806495, 0, 5, 330, 325, 82, 6.16%, 0, 0, 2, 48.29
1707806515, 0, 5, 332, 327, 82, 6.16%, 0, 0, 2, 42.88
1707806530, 0, 5, 334, 329, 82, 6.16%, 0, 0, 2, 42.02
1707806540, 0, 5, 335, 330, 82, 6.16%, 0, 0, 2, 41.88
1707806545, 0, 5, 336, 331, 82, 6.16%, 0, 0, 2, 41.26
1707806551, 0, 5, 337, 332, 82, 6.16%, 0, 0, 2, 39.04
1707806678, 0, 5, 339, 334, 82, 6.17%, 0, 0, 2, 195.09
1707806683, 0, 5, 341, 336, 82, 6.17%, 0, 0, 2, 94.66
1707806688, 0, 5, 342, 337, 82, 6.17%, 0, 0, 2, 82.23
1707806694, 0, 5, 346, 341, 82, 6.17%, 0, 0, 2, 63.87
1707806704, 0, 5, 347, 342, 82, 6.17%, 0, 0, 2, 57.76
1707806745, 0, 5, 348, 343, 82, 6.17%, 0, 0, 2, 56.92
1707806938, 0, 5, 349, 344, 82, 6.18%, 0, 0, 2, 579.40
1707806944, 0, 5, 351, 346, 82, 6.18%, 0, 0, 2, 98.05
1707806954, 0, 5, 352, 347, 82, 6.18%, 0, 0, 2, 80.93
1707806994, 0, 5, 353, 348, 82, 6.18%, 0, 0, 2, 62.01
1707807270, 0, 5, 354, 349, 82, 6.18%, 0, 0, 2, 1563.35
1707807285, 0, 5, 355, 350, 82, 6.18%, 0, 0, 2, 112.38
1707807311, 0, 5, 356, 351, 82, 6.18%, 0, 0, 2, 101.48
1707807316, 0, 5, 357, 352, 82, 6.18%, 0, 0, 2, 78.81
1707807341, 0, 5, 358, 353, 82, 6.18%, 0, 0, 2, 109.57
1707807346, 0, 5, 359, 354, 82, 6.18%, 0, 0, 2, 88.84
1707807351, 0, 5, 360, 355, 82, 6.18%, 0, 0, 2, 79.09
1707807376, 0, 5, 361, 356, 82, 6.18%, 0, 0, 2, 74.12
1707807575, 0, 5, 362, 357, 82, 6.18%, 0, 0, 2, 61.20
1707807672, 0, 5, 363, 358, 82, 6.18%, 0, 0, 2, 56.05
1707809401, 0, 5, 364, 359, 82, 6.18%, 0, 0, 2, 1595.91
1707809431, 0, 5, 366, 361, 82, 6.18%, 0, 0, 2, 137.59
1707810207, 0, 5, 368, 363, 82, 6.18%, 0, 0, 2, 149.54
1707811355, 0, 5, 371, 366, 82, 6.18%, 0, 0, 2, 1383.78
1707811380, 0, 5, 372, 367, 82, 6.18%, 0, 0, 2, 110.12
1707811396, 0, 5, 373, 368, 82, 6.18%, 0, 0, 2, 98.68
1707811421, 0, 5, 374, 369, 82, 6.18%, 0, 0, 2, 90.68
1707811487, 0, 5, 375, 370, 82, 6.18%, 0, 0, 2, 83.37
1707812334, 0, 7, 375, 369, 96, 6.18%, 0, 0, 2, 270.11
1707812395, 0, 7, 376, 370, 96, 6.18%, 0, 0, 2, 51.39
1707812406, 0, 7, 377, 371, 96, 6.18%, 0, 0, 2, 50.81
1707812635, 0, 7, 378, 372, 96, 6.18%, 0, 0, 2, 66.96
1707813282, 0, 7, 379, 373, 96, 6.18%, 0, 0, 2, 115.53
1707813353, 0, 7, 380, 374, 96, 6.18%, 0, 0, 2, 89.51
1707813440, 0, 7, 383, 377, 96, 6.18%, 0, 0, 2, 56.13
1707816771, 0, 14, 383, 376, 96, 6.18%, 0, 0, 2, 96.32
1707817118, 0, 14, 385, 378, 96, 6.19%, 0, 0, 2, 10.17
1707817123, 0, 14, 388, 381, 96, 6.20%, 0, 2, 2, 1.52
1707817128, 0, 14, 388, 381, 96, 6.20%, 0, 3, 2, 7.29
1707817133, 0, 14, 388, 381, 96, 6.20%, 0, 4, 2, 5.01
1707817199, 0, 14, 390, 383, 96, 6.20%, 0, 4, 2, 7.90
1707817204, 0, 14, 391, 384, 96, 6.21%, 0, 4, 2, 74.92
1707817209, 0, 14, 391, 384, 96, 6.21%, 0, 6, 2, 3.96
1707817214, 0, 14, 392, 385, 96, 6.21%, 0, 9, 2, 39.52
1707817219, 0, 14, 396, 389, 96, 6.21%, 0, 9, 2, 34.47
1707817225, 0, 14, 398, 391, 96, 6.21%, 0, 10, 2, 3.57
1707817230, 0, 14, 402, 395, 96, 6.21%, 0, 10, 2, 3.14
1707817235, 0, 14, 405, 398, 96, 6.21%, 0, 10, 2, 6.71
1707817240, 0, 14, 410, 403, 96, 6.21%, 0, 10, 2, 7.43
1707817245, 0, 14, 415, 408, 96, 6.21%, 0, 10, 2, 34.44
1707817251, 0, 14, 418, 411, 96, 6.21%, 0, 10, 2, 45.75
1707817256, 0, 14, 419, 412, 96, 6.21%, 0, 10, 2, 6.82
1707817261, 0, 14, 420, 413, 96, 6.21%, 0, 11, 2, 3.56
1707817271, 0, 14, 422, 415, 96, 6.21%, 0, 11, 2, 3.56
1707817276, 0, 14, 423, 416, 96, 6.21%, 0, 11, 2, 3.84
1707817287, 0, 14, 426, 419, 96, 6.21%, 0, 11, 2, 22.23
1707817292, 0, 14, 428, 421, 96, 6.21%, 0, 11, 2, 6.63
1707817297, 0, 14, 431, 424, 96, 6.21%, 0, 11, 2, 14.39
1707817302, 0, 14, 433, 426, 96, 6.21%, 0, 11, 2, 12.76
1707817313, 0, 14, 435, 428, 96, 6.21%, 0, 11, 2, 12.52
1707817319, 0, 14, 436, 429, 96, 6.21%, 0, 12, 2, 11.10
1707817324, 0, 14, 438, 431, 96, 6.21%, 0, 12, 2, 11.20
1707817329, 0, 14, 441, 434, 96, 6.21%, 0, 12, 2, 11.70
1707817334, 0, 14, 446, 439, 96, 6.21%, 0, 12, 2, 17.17
1707817339, 0, 14, 449, 442, 96, 6.21%, 0, 12, 2, 11.68
1707817381, 0, 14, 450, 443, 96, 6.21%, 0, 12, 2, 3.88
1707817391, 0, 14, 451, 444, 96, 6.21%, 0, 12, 2, 3.57
1707817396, 0, 14, 452, 445, 96, 6.21%, 0, 12, 2, 6.24
1707817401, 0, 14, 453, 446, 96, 6.21%, 0, 12, 2, 6.67
1707817406, 0, 14, 454, 447, 96, 6.21%, 0, 12, 2, 10.47
1707817412, 0, 14, 455, 448, 96, 6.21%, 0, 12, 2, 8.11
1707817417, 0, 14, 457, 450, 96, 6.21%, 0, 12, 2, 10.31
1707817432, 0, 14, 458, 451, 96, 6.21%, 0, 12, 2, 7.39
1707817442, 0, 14, 459, 452, 96, 6.21%, 0, 12, 2, 3.96
1707817489, 0, 14, 461, 454, 96, 6.21%, 0, 12, 2, 3.61
1707817520, 0, 14, 462, 455, 96, 6.21%, 0, 12, 2, 5.03
1707817530, 0, 14, 463, 456, 96, 6.21%, 0, 12, 2, 4.02
1707817551, 0, 14, 464, 457, 96, 6.21%, 0, 12, 2, 5.23
1707817597, 0, 14, 466, 459, 96, 6.21%, 0, 12, 2, 5.55
1707817633, 0, 14, 467, 460, 96, 6.21%, 0, 12, 2, 6.81
1707817659, 0, 14, 468, 461, 96, 6.21%, 0, 12, 2, 4.57
1707817669, 0, 14, 469, 462, 96, 6.21%, 0, 12, 2, 4.77
1707817720, 0, 14, 470, 463, 96, 6.21%, 0, 12, 2, 5.13
1707817725, 0, 14, 471, 464, 96, 6.21%, 0, 12, 2, 4.63
1707817741, 0, 14, 472, 465, 96, 6.21%, 0, 12, 2, 4.05
1707817850, 0, 14, 473, 466, 96, 6.21%, 0, 12, 2, 4.75
1707817916, 0, 14, 474, 467, 96, 6.21%, 0, 12, 2, 4.17
1707817937, 0, 14, 475, 468, 96, 6.21%, 0, 12, 2, 4.02
1707817999, 0, 14, 476, 469, 96, 6.21%, 0, 12, 2, 4.87
1707818025, 0, 14, 477, 470, 96, 6.21%, 0, 12, 2, 4.80
1707818112, 0, 14, 478, 471, 96, 6.21%, 0, 12, 2, 4.66
1707818261, 0, 14, 479, 472, 96, 6.21%, 0, 12, 2, 5.03
1707818389, 0, 14, 480, 473, 96, 6.21%, 0, 12, 2, 4.08
1707818405, 0, 14, 481, 474, 96, 6.21%, 0, 12, 2, 3.90
1707818714, 0, 14, 483, 476, 96, 6.21%, 0, 12, 2, 5.60
1707818719, 0, 14, 484, 477, 96, 6.21%, 0, 12, 2, 4.76
1707819321, 0, 15, 488, 480, 102, 6.21%, 0, 12, 2, 156.61
1707819326, 0, 15, 506, 498, 102, 6.23%, 0, 12, 2, 18.72
1707819332, 0, 15, 516, 508, 102, 6.24%, 0, 12, 2, 19.98
1707819337, 0, 15, 520, 512, 102, 6.25%, 0, 12, 2, 2.99
1707819342, 0, 15, 524, 516, 102, 6.25%, 0, 12, 2, 9.18
1707819347, 0, 15, 531, 523, 102, 6.27%, 0, 12, 2, 148.01
1707819352, 0, 15, 533, 525, 102, 6.28%, 0, 12, 2, 144.28
1707819357, 0, 15, 535, 527, 102, 6.28%, 0, 12, 2, 150.00
1707819403, 0, 15, 536, 528, 102, 6.29%, 0, 12, 2, 157.21
1707819429, 0, 15, 537, 529, 102, 6.30%, 0, 12, 2, 149.93
1707819455, 0, 15, 538, 530, 102, 6.30%, 0, 12, 2, 151.11
1707819630, 0, 15, 539, 531, 102, 6.30%, 0, 12, 2, 149.05
1707819651, 0, 15, 540, 532, 102, 6.30%, 0, 12, 2, 146.61
1707819732, 0, 15, 541, 533, 102, 6.30%, 0, 12, 2, 174.11
1707819742, 0, 15, 542, 534, 102, 6.30%, 0, 12, 2, 160.63
1707819789, 0, 15, 543, 535, 102, 6.30%, 0, 12, 2, 139.83
1707819804, 0, 15, 546, 538, 102, 6.31%, 0, 12, 2, 159.85
1707819809, 0, 15, 551, 543, 102, 6.31%, 0, 12, 2, 162.97
1707819814, 0, 15, 552, 544, 102, 6.31%, 0, 12, 2, 92.10
1707819820, 0, 15, 555, 547, 102, 6.32%, 0, 12, 2, 144.23
1707819830, 0, 16, 555, 546, 130, 6.32%, 0, 12, 2, 8.14
1707820308, 0, 16, 557, 548, 130, 6.33%, 0, 12, 2, 156.37
1707820313, 0, 16, 560, 551, 130, 6.33%, 0, 13, 2, 7.48
1707820318, 0, 16, 560, 551, 130, 6.33%, 0, 14, 2, 5.26
1707820348, 0, 16, 562, 553, 130, 6.34%, 0, 15, 2, 4.86
1707820353, 0, 16, 562, 553, 130, 6.34%, 0, 16, 2, 4.50
1707820379, 0, 16, 563, 554, 130, 6.34%, 0, 16, 2, 4.77
1707820384, 0, 16, 564, 555, 130, 6.34%, 0, 17, 2, 5.74
1707820415, 0, 16, 567, 558, 130, 6.34%, 0, 18, 2, 3.71
1707820460, 0, 16, 571, 562, 130, 6.35%, 0, 18, 2, 6.36
1707820496, 0, 16, 573, 564, 130, 6.35%, 0, 18, 2, 4.12
1707820501, 0, 16, 573, 564, 130, 6.35%, 0, 19, 2, 5.73
1707820511, 0, 16, 574, 565, 130, 6.35%, 0, 19, 2, 4.14
1707820547, 0, 16, 575, 566, 130, 6.35%, 0, 19, 2, 7.12
1707820582, 0, 16, 576, 567, 130, 6.35%, 0, 19, 2, 4.20
1707820588, 0, 16, 577, 568, 130, 6.35%, 0, 19, 2, 6.02
1707820623, 0, 16, 578, 569, 130, 6.35%, 0, 19, 2, 4.25
1707820755, 0, 16, 579, 570, 130, 6.35%, 0, 19, 2, 4.47
1707820760, 0, 16, 581, 572, 130, 6.36%, 0, 19, 2, 84.40
1707820771, 0, 16, 585, 576, 130, 6.36%, 0, 19, 2, 14.52
1707820776, 0, 16, 588, 579, 130, 6.36%, 0, 19, 2, 9.09
1707820781, 0, 16, 590, 581, 130, 6.36%, 0, 19, 2, 7.60
1707820786, 0, 16, 593, 584, 130, 6.36%, 0, 19, 2, 9.39
1707820791, 0, 16, 595, 586, 130, 6.36%, 0, 19, 2, 19.54
1707820796, 0, 16, 598, 589, 130, 6.36%, 0, 19, 2, 11.38
1707820801, 0, 16, 599, 590, 130, 6.36%, 0, 19, 2, 10.44
1707820817, 0, 16, 601, 592, 130, 6.36%, 0, 19, 2, 13.00
1707820827, 0, 16, 602, 593, 130, 6.36%, 0, 19, 2, 18.77
1707820832, 0, 16, 603, 594, 130, 6.36%, 0, 19, 2, 15.10
1707820858, 0, 16, 605, 596, 130, 6.36%, 0, 19, 2, 12.42
1707820863, 0, 16, 606, 597, 130, 6.36%, 0, 19, 2, 13.13
1707820868, 0, 16, 607, 598, 130, 6.36%, 0, 19, 2, 11.80
1707820873, 0, 16, 608, 599, 130, 6.36%, 0, 19, 2, 8.16
1707820878, 0, 16, 610, 601, 130, 6.36%, 0, 19, 2, 7.05
1707820884, 0, 16, 611, 602, 130, 6.36%, 0, 19, 2, 6.55
1707820889, 0, 16, 613, 604, 130, 6.36%, 0, 19, 2, 6.15
1707820894, 0, 16, 614, 605, 130, 6.36%, 0, 19, 2, 7.07
1707820899, 0, 16, 615, 606, 130, 6.36%, 0, 19, 2, 7.62
1707820904, 0, 16, 616, 607, 130, 6.36%, 0, 19, 2, 7.75
1707820910, 0, 16, 618, 609, 130, 6.36%, 0, 19, 2, 7.20
1707820915, 0, 16, 619, 610, 130, 6.36%, 0, 19, 2, 7.30
1707821053, 0, 16, 620, 611, 130, 6.36%, 0, 19, 2, 6.39
1707821156, 0, 16, 621, 612, 130, 6.36%, 0, 19, 2, 6.16
1707821208, 0, 16, 622, 613, 130, 6.36%, 0, 19, 2, 6.18
1707821336, 0, 16, 623, 614, 130, 6.36%, 0, 19, 2, 7.00
1707821372, 0, 16, 624, 615, 130, 6.36%, 0, 19, 2, 6.74
1707821403, 0, 16, 625, 616, 130, 6.36%, 0, 19, 2, 7.06
1707821764, 0, 16, 626, 617, 130, 6.36%, 0, 19, 2, 6.45
